 t/Myrs     M/M⊙       R/cm       L/L⊙       lam_g1     lam_b1     lam_h1     lam_g2     lam_b2     lam_h2    
 3.318e-04  7.980e+01  4.949e+11  3.436e+06  5.395e-02  1.041e-01  1.654e-01  5.395e-02  1.041e-01  1.654e-01 
 7.040e-04  7.958e+01  4.946e+11  3.415e+06  5.139e-02  1.039e-01  1.752e-01  5.139e-02  1.039e-01  1.752e-01 
 1.123e-03  7.933e+01  4.931e+11  3.405e+06  5.912e-02  1.095e-01  1.657e-01  5.912e-02  1.095e-01  1.657e-01 
 1.594e-03  7.905e+01  4.901e+11  3.395e+06  5.858e-02  1.096e-01  1.679e-01  5.858e-02  1.096e-01  1.679e-01 
 2.124e-03  7.873e+01  4.857e+11  3.384e+06  5.887e-02  1.111e-01  1.718e-01  5.887e-02  1.111e-01  1.718e-01 
 2.720e-03  7.838e+01  4.801e+11  3.371e+06  5.566e-02  1.092e-01  1.770e-01  5.566e-02  1.092e-01  1.770e-01 
 3.390e-03  7.799e+01  4.726e+11  3.355e+06  5.617e-02  1.112e-01  1.825e-01  5.617e-02  1.112e-01  1.825e-01 
 4.145e-03  7.755e+01  4.650e+11  3.338e+06  5.796e-02  1.125e-01  1.801e-01  5.796e-02  1.125e-01  1.801e-01 
 4.994e-03  7.706e+01  4.565e+11  3.318e+06  5.718e-02  1.112e-01  1.784e-01  5.718e-02  1.112e-01  1.784e-01 
 5.949e-03  7.651e+01  4.467e+11  3.296e+06  5.828e-02  1.106e-01  1.723e-01  5.828e-02  1.106e-01  1.723e-01 
 7.023e-03  7.590e+01  4.345e+11  3.272e+06  5.904e-02  1.124e-01  1.760e-01  5.904e-02  1.124e-01  1.760e-01 
 8.231e-03  7.522e+01  4.195e+11  3.245e+06  6.012e-02  1.139e-01  1.774e-01  6.012e-02  1.139e-01  1.774e-01 
 9.299e-03  7.463e+01  4.016e+11  3.216e+06  6.141e-02  1.136e-01  1.722e-01  6.141e-02  1.136e-01  1.722e-01 
 1.029e-02  7.408e+01  3.820e+11  3.191e+06  5.993e-02  1.178e-01  1.921e-01  5.993e-02  1.178e-01  1.921e-01 
 1.133e-02  7.352e+01  3.649e+11  3.170e+06  5.908e-02  1.203e-01  2.056e-01  5.908e-02  1.203e-01  2.056e-01 
 1.240e-02  7.294e+01  3.576e+11  3.147e+06  6.245e-02  1.205e-01  1.919e-01  6.245e-02  1.205e-01  1.919e-01 
 1.344e-02  7.239e+01  3.551e+11  3.119e+06  6.419e-02  1.199e-01  1.840e-01  6.419e-02  1.199e-01  1.840e-01 
 1.437e-02  7.190e+01  3.541e+11  3.089e+06  6.590e-02  1.200e-01  1.790e-01  6.590e-02  1.200e-01  1.790e-01 
 1.525e-02  7.145e+01  3.531e+11  3.063e+06  6.541e-02  1.204e-01  1.819e-01  6.541e-02  1.204e-01  1.819e-01 
 1.609e-02  7.102e+01  3.530e+11  3.038e+06  6.344e-02  1.210e-01  1.902e-01  6.344e-02  1.210e-01  1.902e-01 
 1.691e-02  7.060e+01  3.525e+11  3.015e+06  6.394e-02  1.218e-01  1.914e-01  6.394e-02  1.218e-01  1.914e-01 
 1.773e-02  7.020e+01  3.519e+11  2.993e+06  6.111e-02  1.197e-01  1.945e-01  6.111e-02  1.197e-01  1.945e-01 
 1.854e-02  6.980e+01  3.516e+11  2.972e+06  6.158e-02  1.210e-01  1.977e-01  6.158e-02  1.210e-01  1.977e-01 
 1.935e-02  6.940e+01  3.513e+11  2.951e+06  6.096e-02  1.191e-01  1.931e-01  6.096e-02  1.191e-01  1.931e-01 
 2.015e-02  6.901e+01  3.512e+11  2.931e+06  6.076e-02  1.182e-01  1.908e-01  6.076e-02  1.182e-01  1.908e-01 
 2.096e-02  6.862e+01  3.507e+11  2.911e+06  5.959e-02  1.193e-01  1.998e-01  5.959e-02  1.193e-01  1.998e-01 
 2.177e-02  6.824e+01  3.507e+11  2.891e+06  6.911e-02  1.249e-01  1.851e-01  6.911e-02  1.249e-01  1.851e-01 
 2.258e-02  6.786e+01  3.502e+11  2.872e+06  6.020e-02  1.181e-01  1.927e-01  6.020e-02  1.181e-01  1.927e-01 
 2.338e-02  6.749e+01  3.501e+11  2.853e+06  6.031e-02  1.197e-01  1.983e-01  6.031e-02  1.197e-01  1.983e-01 
 2.419e-02  6.712e+01  3.500e+11  2.834e+06  5.872e-02  1.181e-01  1.992e-01  5.872e-02  1.181e-01  1.992e-01 
 2.500e-02  6.675e+01  3.502e+11  2.815e+06  5.926e-02  1.157e-01  1.875e-01  5.926e-02  1.157e-01  1.875e-01 
 2.580e-02  6.639e+01  3.496e+11  2.797e+06  5.792e-02  1.166e-01  1.968e-01  5.792e-02  1.166e-01  1.968e-01 
 2.661e-02  6.603e+01  3.501e+11  2.779e+06  5.781e-02  1.144e-01  1.890e-01  5.781e-02  1.144e-01  1.890e-01 
 2.742e-02  6.568e+01  3.509e+11  2.761e+06  5.804e-02  1.152e-01  1.908e-01  5.804e-02  1.152e-01  1.908e-01 
 2.823e-02  6.533e+01  3.523e+11  2.743e+06  5.759e-02  1.138e-01  1.877e-01  5.759e-02  1.138e-01  1.877e-01 
 2.903e-02  6.499e+01  3.531e+11  2.726e+06  6.709e-02  1.218e-01  1.816e-01  6.709e-02  1.218e-01  1.816e-01 
 2.984e-02  6.466e+01  3.539e+11  2.709e+06  5.692e-02  1.135e-01  1.895e-01  5.692e-02  1.135e-01  1.895e-01 
 3.065e-02  6.433e+01  3.542e+11  2.692e+06  6.538e-02  1.196e-01  1.800e-01  6.538e-02  1.196e-01  1.800e-01 
 3.145e-02  6.400e+01  3.558e+11  2.676e+06  5.564e-02  1.109e-01  1.850e-01  5.564e-02  1.109e-01  1.850e-01 
 3.225e-02  6.368e+01  3.555e+11  2.660e+06  6.442e-02  1.181e-01  1.781e-01  6.442e-02  1.181e-01  1.781e-01 
 3.306e-02  6.336e+01  3.556e+11  2.644e+06  6.479e-02  1.196e-01  1.816e-01  6.479e-02  1.196e-01  1.816e-01 
 3.386e-02  6.305e+01  3.551e+11  2.628e+06  6.509e-02  1.177e-01  1.748e-01  6.509e-02  1.177e-01  1.748e-01 
 3.466e-02  6.274e+01  3.545e+11  2.613e+06  6.514e-02  1.192e-01  1.796e-01  6.514e-02  1.192e-01  1.796e-01 
 3.547e-02  6.244e+01  3.540e+11  2.598e+06  6.455e-02  1.177e-01  1.765e-01  6.455e-02  1.177e-01  1.765e-01 
 3.627e-02  6.214e+01  3.535e+11  2.584e+06  6.191e-02  1.179e-01  1.861e-01  6.191e-02  1.179e-01  1.861e-01 
 3.707e-02  6.185e+01  3.531e+11  2.569e+06  6.390e-02  1.174e-01  1.776e-01  6.390e-02  1.174e-01  1.776e-01 
 3.787e-02  6.156e+01  3.525e+11  2.555e+06  6.286e-02  1.178e-01  1.825e-01  6.286e-02  1.178e-01  1.825e-01 
 3.867e-02  6.127e+01  3.520e+11  2.540e+06  6.408e-02  1.175e-01  1.776e-01  6.408e-02  1.175e-01  1.776e-01 
 3.947e-02  6.099e+01  3.515e+11  2.527e+06  6.200e-02  1.171e-01  1.831e-01  6.200e-02  1.171e-01  1.831e-01 
 4.027e-02  6.071e+01  3.511e+11  2.513e+06  6.298e-02  1.159e-01  1.757e-01  6.298e-02  1.159e-01  1.757e-01 
 4.107e-02  6.044e+01  3.506e+11  2.500e+06  6.391e-02  1.179e-01  1.793e-01  6.391e-02  1.179e-01  1.793e-01 
 4.187e-02  6.017e+01  3.502e+11  2.486e+06  6.372e-02  1.160e-01  1.740e-01  6.372e-02  1.160e-01  1.740e-01 
 4.267e-02  5.990e+01  3.496e+11  2.473e+06  6.123e-02  1.139e-01  1.749e-01  6.123e-02  1.139e-01  1.749e-01 
 4.347e-02  5.963e+01  3.497e+11  2.460e+06  6.229e-02  1.157e-01  1.774e-01  6.229e-02  1.157e-01  1.774e-01 
 4.427e-02  5.937e+01  3.491e+11  2.447e+06  6.196e-02  1.158e-01  1.790e-01  6.196e-02  1.158e-01  1.790e-01 
 4.507e-02  5.911e+01  3.488e+11  2.435e+06  6.108e-02  1.125e-01  1.708e-01  6.108e-02  1.125e-01  1.708e-01 
 4.587e-02  5.886e+01  3.482e+11  2.422e+06  6.104e-02  1.140e-01  1.759e-01  6.104e-02  1.140e-01  1.759e-01 
 4.667e-02  5.861e+01  3.478e+11  2.410e+06  6.080e-02  1.115e-01  1.687e-01  6.080e-02  1.115e-01  1.687e-01 
 4.747e-02  5.836e+01  3.474e+11  2.398e+06  6.047e-02  1.159e-01  1.844e-01  6.047e-02  1.159e-01  1.844e-01 
 4.827e-02  5.811e+01  3.469e+11  2.386e+06  6.059e-02  1.139e-01  1.774e-01  6.059e-02  1.139e-01  1.774e-01 
 4.907e-02  5.787e+01  3.463e+11  2.374e+06  5.925e-02  1.126e-01  1.775e-01  5.925e-02  1.126e-01  1.775e-01 
 4.987e-02  5.763e+01  3.459e+11  2.362e+06  6.059e-02  1.138e-01  1.770e-01  6.059e-02  1.138e-01  1.770e-01 
 5.067e-02  5.740e+01  3.456e+11  2.351e+06  6.149e-02  1.155e-01  1.796e-01  6.149e-02  1.155e-01  1.796e-01 
 5.146e-02  5.716e+01  3.450e+11  2.340e+06  6.100e-02  1.144e-01  1.776e-01  6.100e-02  1.144e-01  1.776e-01 
 5.227e-02  5.693e+01  3.446e+11  2.329e+06  5.920e-02  1.115e-01  1.741e-01  5.920e-02  1.115e-01  1.741e-01 
 5.307e-02  5.670e+01  3.441e+11  2.318e+06  5.876e-02  1.098e-01  1.698e-01  5.876e-02  1.098e-01  1.698e-01 
 5.387e-02  5.648e+01  3.436e+11  2.307e+06  6.026e-02  1.135e-01  1.772e-01  6.026e-02  1.135e-01  1.772e-01 
 5.467e-02  5.626e+01  3.433e+11  2.296e+06  6.039e-02  1.136e-01  1.773e-01  6.039e-02  1.136e-01  1.773e-01 
 5.547e-02  5.604e+01  3.428e+11  2.286e+06  5.813e-02  1.114e-01  1.777e-01  5.813e-02  1.114e-01  1.777e-01 
 5.627e-02  5.582e+01  3.429e+11  2.275e+06  5.861e-02  1.099e-01  1.708e-01  5.861e-02  1.099e-01  1.708e-01 
 5.707e-02  5.560e+01  3.424e+11  2.265e+06  5.907e-02  1.129e-01  1.794e-01  5.907e-02  1.129e-01  1.794e-01 
 5.787e-02  5.539e+01  3.421e+11  2.255e+06  5.777e-02  1.090e-01  1.705e-01  5.777e-02  1.090e-01  1.705e-01 
 5.867e-02  5.518e+01  3.415e+11  2.245e+06  5.867e-02  1.109e-01  1.740e-01  5.867e-02  1.109e-01  1.740e-01 
 5.947e-02  5.498e+01  3.411e+11  2.235e+06  5.816e-02  1.087e-01  1.683e-01  5.816e-02  1.087e-01  1.683e-01 
 6.027e-02  5.477e+01  3.405e+11  2.225e+06  5.859e-02  1.096e-01  1.699e-01  5.859e-02  1.096e-01  1.699e-01 
 6.107e-02  5.457e+01  3.402e+11  2.216e+06  5.824e-02  1.100e-01  1.723e-01  5.824e-02  1.100e-01  1.723e-01 
 6.187e-02  5.437e+01  3.394e+11  2.206e+06  5.722e-02  1.098e-01  1.754e-01  5.722e-02  1.098e-01  1.754e-01 
 6.267e-02  5.417e+01  3.390e+11  2.197e+06  5.823e-02  1.097e-01  1.716e-01  5.823e-02  1.097e-01  1.716e-01 
 6.347e-02  5.398e+01  3.386e+11  2.188e+06  5.629e-02  1.103e-01  1.809e-01  5.629e-02  1.103e-01  1.809e-01 
 6.427e-02  5.379e+01  3.381e+11  2.179e+06  5.861e-02  1.089e-01  1.676e-01  5.861e-02  1.089e-01  1.676e-01 
 6.507e-02  5.360e+01  3.377e+11  2.170e+06  5.758e-02  1.103e-01  1.761e-01  5.758e-02  1.103e-01  1.761e-01 
 6.586e-02  5.341e+01  3.372e+11  2.161e+06  5.767e-02  1.111e-01  1.785e-01  5.767e-02  1.111e-01  1.785e-01 
 6.666e-02  5.322e+01  3.369e+11  2.152e+06  5.601e-02  1.083e-01  1.748e-01  5.601e-02  1.083e-01  1.748e-01 
 6.746e-02  5.304e+01  3.362e+11  2.144e+06  5.658e-02  1.096e-01  1.776e-01  5.658e-02  1.096e-01  1.776e-01 
 6.826e-02  5.286e+01  3.359e+11  2.135e+06  5.663e-02  1.080e-01  1.714e-01  5.663e-02  1.080e-01  1.714e-01 
 6.905e-02  5.268e+01  3.356e+11  2.127e+06  5.577e-02  1.085e-01  1.768e-01  5.577e-02  1.085e-01  1.768e-01 
 6.985e-02  5.250e+01  3.350e+11  2.119e+06  5.606e-02  1.075e-01  1.719e-01  5.606e-02  1.075e-01  1.719e-01 
 7.064e-02  5.233e+01  3.345e+11  2.110e+06  5.836e-02  1.091e-01  1.693e-01  5.836e-02  1.091e-01  1.693e-01 
 7.144e-02  5.216e+01  3.343e+11  2.102e+06  5.666e-02  1.063e-01  1.654e-01  5.666e-02  1.063e-01  1.654e-01 
 7.223e-02  5.199e+01  3.341e+11  2.095e+06  5.554e-02  1.077e-01  1.746e-01  5.554e-02  1.077e-01  1.746e-01 
 7.303e-02  5.182e+01  3.339e+11  2.087e+06  5.570e-02  1.071e-01  1.718e-01  5.570e-02  1.071e-01  1.718e-01 
 7.382e-02  5.165e+01  3.333e+11  2.079e+06  5.570e-02  1.079e-01  1.747e-01  5.570e-02  1.079e-01  1.747e-01 
 7.461e-02  5.149e+01  3.331e+11  2.071e+06  5.652e-02  1.072e-01  1.692e-01  5.652e-02  1.072e-01  1.692e-01 
 7.541e-02  5.133e+01  3.326e+11  2.064e+06  5.446e-02  1.092e-01  1.851e-01  5.446e-02  1.092e-01  1.851e-01 
 7.620e-02  5.117e+01  3.325e+11  2.057e+06  5.514e-02  1.057e-01  1.689e-01  5.514e-02  1.057e-01  1.689e-01 
 7.699e-02  5.101e+01  3.321e+11  2.050e+06  5.514e-02  1.083e-01  1.787e-01  5.514e-02  1.083e-01  1.787e-01 
 7.778e-02  5.085e+01  3.319e+11  2.042e+06  5.510e-02  1.055e-01  1.684e-01  5.510e-02  1.055e-01  1.684e-01 
 7.857e-02  5.069e+01  3.313e+11  2.035e+06  5.512e-02  1.081e-01  1.781e-01  5.512e-02  1.081e-01  1.781e-01 
 7.935e-02  5.054e+01  3.312e+11  2.028e+06  5.536e-02  1.059e-01  1.691e-01  5.536e-02  1.059e-01  1.691e-01 
 8.014e-02  5.039e+01  3.308e+11  2.021e+06  5.418e-02  1.081e-01  1.823e-01  5.418e-02  1.081e-01  1.823e-01 
 8.093e-02  5.024e+01  3.305e+11  2.015e+06  5.536e-02  1.057e-01  1.684e-01  5.536e-02  1.057e-01  1.684e-01 
 8.172e-02  5.009e+01  3.304e+11  2.008e+06  5.497e-02  1.047e-01  1.661e-01  5.497e-02  1.047e-01  1.661e-01 
 8.251e-02  4.995e+01  3.300e+11  2.001e+06  5.488e-02  1.052e-01  1.684e-01  5.488e-02  1.052e-01  1.684e-01 
 8.329e-02  4.980e+01  3.296e+11  1.995e+06  5.546e-02  1.040e-01  1.620e-01  5.546e-02  1.040e-01  1.620e-01 
 8.408e-02  4.966e+01  3.294e+11  1.988e+06  5.478e-02  1.049e-01  1.675e-01  5.478e-02  1.049e-01  1.675e-01 
 8.487e-02  4.951e+01  3.289e+11  1.982e+06  5.492e-02  1.044e-01  1.652e-01  5.492e-02  1.044e-01  1.652e-01 
 8.565e-02  4.938e+01  3.287e+11  1.976e+06  5.448e-02  1.052e-01  1.700e-01  5.448e-02  1.052e-01  1.700e-01 
 8.644e-02  4.924e+01  3.285e+11  1.969e+06  5.502e-02  1.037e-01  1.626e-01  5.502e-02  1.037e-01  1.626e-01 
 8.722e-02  4.910e+01  3.280e+11  1.963e+06  5.452e-02  1.052e-01  1.698e-01  5.452e-02  1.052e-01  1.698e-01 
 8.801e-02  4.896e+01  3.279e+11  1.957e+06  5.497e-02  1.033e-01  1.615e-01  5.497e-02  1.033e-01  1.615e-01 
 8.879e-02  4.883e+01  3.276e+11  1.952e+06  5.383e-02  1.054e-01  1.733e-01  5.383e-02  1.054e-01  1.733e-01 
 8.957e-02  4.870e+01  3.273e+11  1.945e+06  5.322e-02  1.051e-01  1.748e-01  5.322e-02  1.051e-01  1.748e-01 
 9.036e-02  4.857e+01  3.271e+11  1.940e+06  6.366e-02  1.133e-01  1.665e-01  6.366e-02  1.133e-01  1.665e-01 
 9.114e-02  4.844e+01  3.274e+11  1.934e+06  5.386e-02  1.043e-01  1.692e-01  5.386e-02  1.043e-01  1.692e-01 
 9.192e-02  4.831e+01  3.269e+11  1.928e+06  5.282e-02  1.053e-01  1.774e-01  5.282e-02  1.053e-01  1.774e-01 
 9.270e-02  4.818e+01  3.267e+11  1.923e+06  5.333e-02  1.031e-01  1.668e-01  5.333e-02  1.031e-01  1.668e-01 
 9.348e-02  4.806e+01  3.265e+11  1.917e+06  5.370e-02  1.061e-01  1.767e-01  5.370e-02  1.061e-01  1.767e-01 
 9.426e-02  4.793e+01  3.262e+11  1.912e+06  5.260e-02  1.035e-01  1.712e-01  5.260e-02  1.035e-01  1.712e-01 
 9.504e-02  4.781e+01  3.261e+11  1.906e+06  6.270e-02  1.121e-01  1.657e-01  6.270e-02  1.121e-01  1.657e-01 
 9.582e-02  4.769e+01  3.257e+11  1.901e+06  5.340e-02  1.034e-01  1.676e-01  5.340e-02  1.034e-01  1.676e-01 
 9.660e-02  4.757e+01  3.255e+11  1.896e+06  5.267e-02  1.051e-01  1.773e-01  5.267e-02  1.051e-01  1.773e-01 
 9.738e-02  4.745e+01  3.251e+11  1.890e+06  5.224e-02  1.036e-01  1.732e-01  5.224e-02  1.036e-01  1.732e-01 
 9.816e-02  4.733e+01  3.251e+11  1.885e+06  5.298e-02  1.018e-01  1.634e-01  5.298e-02  1.018e-01  1.634e-01 
 9.893e-02  4.721e+01  3.247e+11  1.880e+06  5.328e-02  1.025e-01  1.649e-01  5.328e-02  1.025e-01  1.649e-01 
 9.971e-02  4.710e+01  3.245e+11  1.875e+06  5.204e-02  1.021e-01  1.684e-01  5.204e-02  1.021e-01  1.684e-01 
 1.005e-01  4.698e+01  3.241e+11  1.870e+06  5.189e-02  1.038e-01  1.756e-01  5.189e-02  1.038e-01  1.756e-01 
 1.013e-01  4.687e+01  3.236e+11  1.865e+06  5.183e-02  1.013e-01  1.662e-01  5.183e-02  1.013e-01  1.662e-01 
 1.020e-01  4.676e+01  3.235e+11  1.860e+06  5.283e-02  1.026e-01  1.672e-01  5.283e-02  1.026e-01  1.672e-01 
 1.028e-01  4.665e+01  3.235e+11  1.856e+06  5.302e-02  1.019e-01  1.638e-01  5.302e-02  1.019e-01  1.638e-01 
 1.036e-01  4.654e+01  3.230e+11  1.851e+06  5.184e-02  1.033e-01  1.742e-01  5.184e-02  1.033e-01  1.742e-01 
 1.044e-01  4.643e+01  3.228e+11  1.846e+06  5.314e-02  1.021e-01  1.640e-01  5.314e-02  1.021e-01  1.640e-01 
 1.051e-01  4.632e+01  3.225e+11  1.842e+06  5.339e-02  1.029e-01  1.659e-01  5.339e-02  1.029e-01  1.659e-01 
 1.059e-01  4.621e+01  3.220e+11  1.837e+06  5.128e-02  1.016e-01  1.700e-01  5.128e-02  1.016e-01  1.700e-01 
 1.067e-01  4.611e+01  3.218e+11  1.833e+06  5.183e-02  1.024e-01  1.706e-01  5.183e-02  1.024e-01  1.706e-01 
 1.075e-01  4.600e+01  3.217e+11  1.828e+06  5.112e-02  1.014e-01  1.700e-01  5.112e-02  1.014e-01  1.700e-01 
 1.082e-01  4.590e+01  3.213e+11  1.824e+06  6.165e-02  1.099e-01  1.618e-01  6.165e-02  1.099e-01  1.618e-01 
 1.090e-01  4.580e+01  3.210e+11  1.819e+06  5.184e-02  1.021e-01  1.693e-01  5.184e-02  1.021e-01  1.693e-01 
 1.098e-01  4.570e+01  3.208e+11  1.815e+06  5.192e-02  1.036e-01  1.750e-01  5.192e-02  1.036e-01  1.750e-01 
 1.105e-01  4.560e+01  3.205e+11  1.811e+06  5.154e-02  1.024e-01  1.717e-01  5.154e-02  1.024e-01  1.717e-01 
 1.113e-01  4.550e+01  3.201e+11  1.807e+06  5.175e-02  1.030e-01  1.733e-01  5.175e-02  1.030e-01  1.733e-01 
 1.121e-01  4.540e+01  3.200e+11  1.802e+06  5.196e-02  1.003e-01  1.621e-01  5.196e-02  1.003e-01  1.621e-01 
 1.128e-01  4.530e+01  3.196e+11  1.799e+06  5.207e-02  1.001e-01  1.610e-01  5.207e-02  1.001e-01  1.610e-01 
 1.136e-01  4.521e+01  3.193e+11  1.795e+06  5.272e-02  1.018e-01  1.648e-01  5.272e-02  1.018e-01  1.648e-01 
 1.144e-01  4.511e+01  3.192e+11  1.790e+06  5.061e-02  1.012e-01  1.714e-01  5.061e-02  1.012e-01  1.714e-01 
 1.151e-01  4.502e+01  3.187e+11  1.787e+06  5.180e-02  1.011e-01  1.658e-01  5.180e-02  1.011e-01  1.658e-01 
 1.159e-01  4.492e+01  3.185e+11  1.783e+06  5.970e-02  1.066e-01  1.575e-01  5.970e-02  1.066e-01  1.575e-01 
 1.167e-01  4.483e+01  3.183e+11  1.779e+06  6.018e-02  1.077e-01  1.594e-01  6.018e-02  1.077e-01  1.594e-01 
 1.174e-01  4.474e+01  3.181e+11  1.775e+06  5.093e-02  1.007e-01  1.678e-01  5.093e-02  1.007e-01  1.678e-01 
 1.182e-01  4.465e+01  3.184e+11  1.771e+06  6.024e-02  1.078e-01  1.597e-01  6.024e-02  1.078e-01  1.597e-01 
 1.190e-01  4.456e+01  3.178e+11  1.767e+06  5.070e-02  1.000e-01  1.663e-01  5.070e-02  1.000e-01  1.663e-01 
 1.197e-01  4.447e+01  3.177e+11  1.764e+06  5.080e-02  1.003e-01  1.671e-01  5.080e-02  1.003e-01  1.671e-01 
 1.205e-01  4.438e+01  3.175e+11  1.760e+06  5.130e-02  9.937e-02  1.614e-01  5.130e-02  9.937e-02  1.614e-01 
 1.213e-01  4.430e+01  3.171e+11  1.757e+06  5.913e-02  1.069e-01  1.600e-01  5.913e-02  1.069e-01  1.600e-01 
 1.220e-01  4.421e+01  3.170e+11  1.753e+06  5.107e-02  9.898e-02  1.608e-01  5.107e-02  9.898e-02  1.608e-01 
 1.228e-01  4.412e+01  3.166e+11  1.750e+06  5.060e-02  9.978e-02  1.659e-01  5.060e-02  9.978e-02  1.659e-01 
 1.235e-01  4.404e+01  3.163e+11  1.746e+06  5.036e-02  9.897e-02  1.638e-01  5.036e-02  9.897e-02  1.638e-01 
 1.243e-01  4.396e+01  3.162e+11  1.743e+06  5.910e-02  1.070e-01  1.603e-01  5.910e-02  1.070e-01  1.603e-01 
 1.251e-01  4.387e+01  3.162e+11  1.740e+06  5.049e-02  9.933e-02  1.646e-01  5.049e-02  9.933e-02  1.646e-01 
 1.258e-01  4.379e+01  3.155e+11  1.736e+06  5.958e-02  1.066e-01  1.576e-01  5.958e-02  1.066e-01  1.576e-01 
 1.266e-01  4.371e+01  3.156e+11  1.733e+06  5.075e-02  9.986e-02  1.655e-01  5.075e-02  9.986e-02  1.655e-01 
 1.273e-01  4.363e+01  3.155e+11  1.730e+06  5.090e-02  1.003e-01  1.667e-01  5.090e-02  1.003e-01  1.667e-01 
 1.281e-01  4.355e+01  3.151e+11  1.727e+06  5.026e-02  1.003e-01  1.693e-01  5.026e-02  1.003e-01  1.693e-01 
 1.288e-01  4.347e+01  3.149e+11  1.723e+06  5.018e-02  9.867e-02  1.634e-01  5.018e-02  9.867e-02  1.634e-01 
 1.296e-01  4.339e+01  3.148e+11  1.720e+06  4.971e-02  9.901e-02  1.668e-01  4.971e-02  9.901e-02  1.668e-01 
 1.303e-01  4.332e+01  3.145e+11  1.717e+06  5.012e-02  9.848e-02  1.629e-01  5.012e-02  9.848e-02  1.629e-01 
 1.311e-01  4.324e+01  3.143e+11  1.714e+06  4.989e-02  9.946e-02  1.678e-01  4.989e-02  9.946e-02  1.678e-01 
 1.318e-01  4.316e+01  3.142e+11  1.711e+06  4.964e-02  9.859e-02  1.655e-01  4.964e-02  9.859e-02  1.655e-01 
 1.326e-01  4.309e+01  3.140e+11  1.708e+06  5.006e-02  9.985e-02  1.686e-01  5.006e-02  9.985e-02  1.686e-01 
 1.333e-01  4.301e+01  3.137e+11  1.705e+06  5.014e-02  9.758e-02  1.594e-01  5.014e-02  9.758e-02  1.594e-01 
 1.341e-01  4.294e+01  3.135e+11  1.703e+06  5.011e-02  9.859e-02  1.634e-01  5.011e-02  9.859e-02  1.634e-01 
 1.348e-01  4.287e+01  3.134e+11  1.700e+06  5.012e-02  9.750e-02  1.592e-01  5.012e-02  9.750e-02  1.592e-01 
 1.356e-01  4.279e+01  3.129e+11  1.697e+06  5.030e-02  9.900e-02  1.641e-01  5.030e-02  9.900e-02  1.641e-01 
 1.363e-01  4.272e+01  3.129e+11  1.694e+06  5.000e-02  9.815e-02  1.622e-01  5.000e-02  9.815e-02  1.622e-01 
 1.371e-01  4.265e+01  3.128e+11  1.691e+06  5.940e-02  1.058e-01  1.557e-01  5.940e-02  1.058e-01  1.557e-01 
 1.378e-01  4.258e+01  3.124e+11  1.689e+06  5.888e-02  1.046e-01  1.537e-01  5.888e-02  1.046e-01  1.537e-01 
 1.386e-01  4.251e+01  3.122e+11  1.686e+06  5.899e-02  1.048e-01  1.540e-01  5.899e-02  1.048e-01  1.540e-01 
 1.394e-01  4.244e+01  3.121e+11  1.683e+06  5.886e-02  1.046e-01  1.537e-01  5.886e-02  1.046e-01  1.537e-01 
 1.401e-01  4.237e+01  3.117e+11  1.680e+06  5.866e-02  1.050e-01  1.554e-01  5.866e-02  1.050e-01  1.554e-01 
 1.409e-01  4.230e+01  3.115e+11  1.678e+06  5.839e-02  1.044e-01  1.545e-01  5.839e-02  1.044e-01  1.545e-01 
 1.416e-01  4.223e+01  3.113e+11  1.675e+06  5.680e-02  1.041e-01  1.581e-01  5.680e-02  1.041e-01  1.581e-01 
 1.424e-01  4.217e+01  3.113e+11  1.673e+06  5.779e-02  1.042e-01  1.554e-01  5.779e-02  1.042e-01  1.554e-01 
 1.431e-01  4.210e+01  3.112e+11  1.670e+06  4.930e-02  9.749e-02  1.626e-01  4.930e-02  9.749e-02  1.626e-01 
 1.439e-01  4.204e+01  3.107e+11  1.668e+06  4.941e-02  9.829e-02  1.653e-01  4.941e-02  9.829e-02  1.653e-01 
 1.446e-01  4.197e+01  3.107e+11  1.665e+06  4.912e-02  9.708e-02  1.619e-01  4.912e-02  9.708e-02  1.619e-01 
 1.453e-01  4.191e+01  3.106e+11  1.663e+06  5.836e-02  1.044e-01  1.546e-01  5.836e-02  1.044e-01  1.546e-01 
 1.461e-01  4.184e+01  3.104e+11  1.660e+06  4.826e-02  9.648e-02  1.633e-01  4.826e-02  9.648e-02  1.633e-01 
 1.468e-01  4.178e+01  3.100e+11  1.658e+06  4.920e-02  9.754e-02  1.633e-01  4.920e-02  9.754e-02  1.633e-01 
 1.475e-01  4.172e+01  3.100e+11  1.656e+06  4.949e-02  9.587e-02  1.557e-01  4.949e-02  9.587e-02  1.557e-01 
 1.483e-01  4.166e+01  3.099e+11  1.653e+06  5.788e-02  1.042e-01  1.553e-01  5.788e-02  1.042e-01  1.553e-01 
 1.490e-01  4.160e+01  3.095e+11  1.651e+06  4.876e-02  9.643e-02  1.609e-01  4.876e-02  9.643e-02  1.609e-01 
 1.498e-01  4.154e+01  3.093e+11  1.649e+06  5.874e-02  1.047e-01  1.542e-01  5.874e-02  1.047e-01  1.542e-01 
 1.505e-01  4.148e+01  3.092e+11  1.647e+06  4.812e-02  9.640e-02  1.636e-01  4.812e-02  9.640e-02  1.636e-01 
 1.512e-01  4.142e+01  3.090e+11  1.644e+06  5.712e-02  1.035e-01  1.553e-01  5.712e-02  1.035e-01  1.553e-01 
 1.520e-01  4.136e+01  3.087e+11  1.642e+06  4.829e-02  9.679e-02  1.645e-01  4.829e-02  9.679e-02  1.645e-01 
 1.527e-01  4.130e+01  3.084e+11  1.640e+06  5.683e-02  1.031e-01  1.548e-01  5.683e-02  1.031e-01  1.548e-01 
 1.534e-01  4.124e+01  3.082e+11  1.638e+06  5.687e-02  1.021e-01  1.517e-01  5.687e-02  1.021e-01  1.517e-01 
 1.541e-01  4.118e+01  3.081e+11  1.636e+06  5.678e-02  1.029e-01  1.542e-01  5.678e-02  1.029e-01  1.542e-01 
 1.549e-01  4.113e+01  3.081e+11  1.634e+06  5.709e-02  1.026e-01  1.526e-01  5.709e-02  1.026e-01  1.526e-01 
 1.556e-01  4.107e+01  3.080e+11  1.632e+06  5.712e-02  1.036e-01  1.556e-01  5.712e-02  1.036e-01  1.556e-01 
 1.563e-01  4.102e+01  3.078e+11  1.630e+06  5.737e-02  1.032e-01  1.535e-01  5.737e-02  1.032e-01  1.535e-01 
 1.571e-01  4.096e+01  3.074e+11  1.628e+06  5.723e-02  1.028e-01  1.527e-01  5.723e-02  1.028e-01  1.527e-01 
 1.578e-01  4.091e+01  3.074e+11  1.626e+06  4.837e-02  9.607e-02  1.612e-01  4.837e-02  9.607e-02  1.612e-01 
 1.585e-01  4.085e+01  3.073e+11  1.624e+06  4.850e-02  9.430e-02  1.538e-01  4.850e-02  9.430e-02  1.538e-01 
 1.592e-01  4.080e+01  3.070e+11  1.622e+06  4.827e-02  9.665e-02  1.639e-01  4.827e-02  9.665e-02  1.639e-01 
 1.599e-01  4.074e+01  3.067e+11  1.620e+06  4.881e-02  9.513e-02  1.557e-01  4.881e-02  9.513e-02  1.557e-01 
 1.607e-01  4.069e+01  3.065e+11  1.618e+06  5.693e-02  1.022e-01  1.516e-01  5.693e-02  1.022e-01  1.516e-01 
 1.614e-01  4.064e+01  3.062e+11  1.616e+06  4.852e-02  9.441e-02  1.542e-01  4.852e-02  9.441e-02  1.542e-01 
 1.621e-01  4.059e+01  3.060e+11  1.614e+06  5.630e-02  1.024e-01  1.542e-01  5.630e-02  1.024e-01  1.542e-01 
 1.628e-01  4.054e+01  3.060e+11  1.612e+06  4.869e-02  9.483e-02  1.550e-01  4.869e-02  9.483e-02  1.550e-01 
 1.635e-01  4.048e+01  3.056e+11  1.611e+06  5.612e-02  1.019e-01  1.530e-01  5.612e-02  1.019e-01  1.530e-01 
 1.643e-01  4.043e+01  3.054e+11  1.609e+06  5.650e-02  1.009e-01  1.488e-01  5.650e-02  1.009e-01  1.488e-01 
 1.650e-01  4.038e+01  3.053e+11  1.607e+06  5.591e-02  1.017e-01  1.533e-01  5.591e-02  1.017e-01  1.533e-01 
 1.657e-01  4.033e+01  3.052e+11  1.605e+06  4.836e-02  9.462e-02  1.556e-01  4.836e-02  9.462e-02  1.556e-01 
 1.664e-01  4.029e+01  3.051e+11  1.604e+06  5.643e-02  1.018e-01  1.518e-01  5.643e-02  1.018e-01  1.518e-01 
 1.671e-01  4.024e+01  3.049e+11  1.602e+06  4.755e-02  9.422e-02  1.575e-01  4.755e-02  9.422e-02  1.575e-01 
 1.678e-01  4.019e+01  3.045e+11  1.600e+06  5.718e-02  1.023e-01  1.512e-01  5.718e-02  1.023e-01  1.512e-01 
 1.685e-01  4.014e+01  3.042e+11  1.598e+06  5.616e-02  1.012e-01  1.507e-01  5.616e-02  1.012e-01  1.507e-01 
 1.692e-01  4.009e+01  3.040e+11  1.597e+06  5.583e-02  1.013e-01  1.520e-01  5.583e-02  1.013e-01  1.520e-01 
 1.700e-01  4.005e+01  3.040e+11  1.595e+06  5.576e-02  1.003e-01  1.491e-01  5.576e-02  1.003e-01  1.491e-01 
 1.707e-01  4.000e+01  3.038e+11  1.594e+06  5.565e-02  1.012e-01  1.523e-01  5.565e-02  1.012e-01  1.523e-01 
 1.714e-01  3.995e+01  3.036e+11  1.592e+06  5.635e-02  1.008e-01  1.491e-01  5.635e-02  1.008e-01  1.491e-01 
 1.721e-01  3.991e+01  3.033e+11  1.590e+06  4.690e-02  9.401e-02  1.597e-01  4.690e-02  9.401e-02  1.597e-01 
 1.728e-01  3.986e+01  3.030e+11  1.589e+06  5.548e-02  1.002e-01  1.496e-01  5.548e-02  1.002e-01  1.496e-01 
 1.735e-01  3.981e+01  3.027e+11  1.587e+06  4.721e-02  9.312e-02  1.547e-01  4.721e-02  9.312e-02  1.547e-01 
 1.742e-01  3.977e+01  3.026e+11  1.586e+06  5.667e-02  1.013e-01  1.495e-01  5.667e-02  1.013e-01  1.495e-01 
 1.749e-01  3.973e+01  3.025e+11  1.584e+06  4.714e-02  9.464e-02  1.610e-01  4.714e-02  9.464e-02  1.610e-01 
 1.756e-01  3.968e+01  3.024e+11  1.583e+06  5.603e-02  1.008e-01  1.498e-01  5.603e-02  1.008e-01  1.498e-01 
 1.763e-01  3.964e+01  3.022e+11  1.581e+06  4.671e-02  9.348e-02  1.584e-01  4.671e-02  9.348e-02  1.584e-01 
 1.770e-01  3.960e+01  3.018e+11  1.580e+06  5.487e-02  9.789e-02  1.443e-01  5.487e-02  9.789e-02  1.443e-01 
 1.777e-01  3.955e+01  3.017e+11  1.579e+06  4.705e-02  9.445e-02  1.607e-01  4.705e-02  9.445e-02  1.607e-01 
 1.784e-01  3.951e+01  3.015e+11  1.577e+06  5.582e-02  1.003e-01  1.490e-01  5.582e-02  1.003e-01  1.490e-01 
 1.791e-01  3.947e+01  3.008e+11  1.576e+06  4.716e-02  9.466e-02  1.610e-01  4.716e-02  9.466e-02  1.610e-01 
 1.798e-01  3.943e+01  3.003e+11  1.574e+06  5.694e-02  1.018e-01  1.503e-01  5.694e-02  1.018e-01  1.503e-01 
 1.804e-01  3.939e+01  3.002e+11  1.573e+06  5.578e-02  1.000e-01  1.482e-01  5.578e-02  1.000e-01  1.482e-01 
 1.811e-01  3.935e+01  2.999e+11  1.572e+06  5.635e-02  1.013e-01  1.506e-01  5.635e-02  1.013e-01  1.506e-01 
 1.818e-01  3.930e+01  2.995e+11  1.570e+06  5.591e-02  1.002e-01  1.485e-01  5.591e-02  1.002e-01  1.485e-01 
 1.825e-01  3.926e+01  2.991e+11  1.569e+06  5.512e-02  9.829e-02  1.448e-01  5.512e-02  9.829e-02  1.448e-01 
 1.832e-01  3.922e+01  2.988e+11  1.568e+06  5.604e-02  1.004e-01  1.487e-01  5.604e-02  1.004e-01  1.487e-01 
 1.839e-01  3.919e+01  2.984e+11  1.567e+06  5.589e-02  1.010e-01  1.510e-01  5.589e-02  1.010e-01  1.510e-01 
 1.846e-01  3.915e+01  2.979e+11  1.565e+06  5.514e-02  1.002e-01  1.506e-01  5.514e-02  1.002e-01  1.506e-01 
 1.852e-01  3.911e+01  2.976e+11  1.564e+06  5.536e-02  1.006e-01  1.514e-01  5.536e-02  1.006e-01  1.514e-01 
 1.859e-01  3.907e+01  2.973e+11  1.563e+06  5.618e-02  1.007e-01  1.493e-01  5.618e-02  1.007e-01  1.493e-01 
 1.866e-01  3.903e+01  2.971e+11  1.562e+06  4.699e-02  9.326e-02  1.562e-01  4.699e-02  9.326e-02  1.562e-01 
 1.873e-01  3.899e+01  2.969e+11  1.561e+06  5.579e-02  1.006e-01  1.499e-01  5.579e-02  1.006e-01  1.499e-01 
 1.880e-01  3.896e+01  2.966e+11  1.559e+06  4.647e-02  9.309e-02  1.578e-01  4.647e-02  9.309e-02  1.578e-01 
 1.886e-01  3.892e+01  2.963e+11  1.558e+06  5.565e-02  1.003e-01  1.495e-01  5.565e-02  1.003e-01  1.495e-01 
 1.893e-01  3.888e+01  2.960e+11  1.557e+06  4.659e-02  9.338e-02  1.585e-01  4.659e-02  9.338e-02  1.585e-01 
 1.900e-01  3.885e+01  2.957e+11  1.556e+06  7.427e-02  9.450e-02  1.064e-01  5.505e-02  1.002e-01  1.508e-01 
 1.906e-01  3.881e+01  2.954e+11  1.555e+06  7.325e-02  9.326e-02  1.051e-01  4.721e-02  9.391e-02  1.577e-01 
 1.913e-01  3.877e+01  2.950e+11  1.554e+06  7.417e-02  9.440e-02  1.063e-01  5.575e-02  1.005e-01  1.499e-01 
 1.920e-01  3.874e+01  2.947e+11  1.553e+06  7.231e-02  9.217e-02  1.039e-01  4.656e-02  9.350e-02  1.590e-01 
 1.926e-01  3.870e+01  2.943e+11  1.552e+06  7.408e-02  9.432e-02  1.063e-01  5.539e-02  1.005e-01  1.509e-01 
 1.933e-01  3.867e+01  2.941e+11  1.551e+06  7.281e-02  9.274e-02  1.045e-01  4.694e-02  9.335e-02  1.567e-01 
 1.940e-01  3.864e+01  2.939e+11  1.550e+06  7.681e-02  9.764e-02  1.099e-01  5.568e-02  1.007e-01  1.505e-01 
 1.946e-01  3.860e+01  2.937e+11  1.549e+06  7.125e-02  9.091e-02  1.026e-01  4.687e-02  9.314e-02  1.561e-01 
 1.953e-01  3.857e+01  2.934e+11  1.548e+06  7.271e-02  9.277e-02  1.047e-01  5.579e-02  1.005e-01  1.495e-01 
 1.959e-01  3.854e+01  2.932e+11  1.547e+06  7.140e-02  9.099e-02  1.026e-01  4.700e-02  9.345e-02  1.568e-01 
 1.966e-01  3.850e+01  2.929e+11  1.546e+06  7.284e-02  9.281e-02  1.046e-01  5.597e-02  1.008e-01  1.501e-01 
 1.972e-01  3.847e+01  2.927e+11  1.545e+06  7.327e-02  9.340e-02  1.053e-01  4.678e-02  9.296e-02  1.558e-01 
 1.979e-01  3.844e+01  2.924e+11  1.544e+06  7.802e-02  9.919e-02  1.117e-01  5.418e-02  1.000e-01  1.529e-01 
 1.985e-01  3.840e+01  2.921e+11  1.543e+06  7.354e-02  9.368e-02  1.056e-01  4.669e-02  9.375e-02  1.594e-01 
 1.992e-01  3.837e+01  2.920e+11  1.542e+06  6.702e-02  8.574e-02  9.689e-02  4.662e-02  9.236e-02  1.541e-01 
 1.998e-01  3.834e+01  2.918e+11  1.541e+06  7.025e-02  8.966e-02  1.012e-01  4.656e-02  9.340e-02  1.586e-01 
 2.004e-01  3.831e+01  2.915e+11  1.540e+06  7.197e-02  9.178e-02  1.035e-01  4.674e-02  9.272e-02  1.550e-01 
 2.011e-01  3.828e+01  2.911e+11  1.539e+06  7.323e-02  9.338e-02  1.053e-01  4.660e-02  9.351e-02  1.588e-01 
 2.017e-01  3.825e+01  2.909e+11  1.538e+06  7.115e-02  9.077e-02  1.024e-01  4.655e-02  9.323e-02  1.579e-01 
 2.024e-01  3.822e+01  2.906e+11  1.537e+06  7.824e-02  9.939e-02  1.118e-01  4.692e-02  9.444e-02  1.611e-01 
 2.030e-01  3.819e+01  2.905e+11  1.537e+06  7.775e-02  9.821e-02  1.101e-01  4.670e-02  9.251e-02  1.544e-01 
 2.036e-01  3.816e+01  2.901e+11  1.536e+06  7.283e-02  9.293e-02  1.048e-01  5.486e-02  9.957e-02  1.494e-01 
 2.042e-01  3.813e+01  2.893e+11  1.535e+06  7.782e-02  9.835e-02  1.103e-01  4.639e-02  9.272e-02  1.566e-01 
 2.049e-01  3.810e+01  2.889e+11  1.534e+06  7.441e-02  9.487e-02  1.070e-01  5.512e-02  1.001e-01  1.502e-01 
 2.055e-01  3.807e+01  2.886e+11  1.533e+06  7.840e-02  9.910e-02  1.111e-01  4.648e-02  9.291e-02  1.569e-01 
 2.061e-01  3.804e+01  2.883e+11  1.532e+06  7.350e-02  9.374e-02  1.057e-01  5.521e-02  1.002e-01  1.504e-01 
 2.067e-01  3.801e+01  2.882e+11  1.532e+06  7.859e-02  9.918e-02  1.111e-01  4.659e-02  9.322e-02  1.576e-01 
 2.074e-01  3.798e+01  2.879e+11  1.531e+06  7.358e-02  9.387e-02  1.059e-01  4.680e-02  9.394e-02  1.595e-01 
 2.080e-01  3.796e+01  2.876e+11  1.530e+06  7.754e-02  9.801e-02  1.099e-01  5.465e-02  9.858e-02  1.469e-01 
 2.086e-01  3.793e+01  2.876e+11  1.529e+06  7.613e-02  9.697e-02  1.093e-01  5.511e-02  1.001e-01  1.502e-01 
 2.092e-01  3.790e+01  2.871e+11  1.529e+06  7.935e-02  1.002e-01  1.123e-01  5.487e-02  9.908e-02  1.478e-01 
 2.098e-01  3.787e+01  2.867e+11  1.528e+06  7.968e-02  1.004e-01  1.123e-01  5.518e-02  1.001e-01  1.502e-01 
 2.104e-01  3.785e+01  2.865e+11  1.527e+06  7.534e-02  9.593e-02  1.081e-01  5.528e-02  1.000e-01  1.495e-01 
 2.110e-01  3.782e+01  2.862e+11  1.527e+06  7.655e-02  9.747e-02  1.098e-01  5.537e-02  1.006e-01  1.509e-01 
 2.116e-01  3.779e+01  2.862e+11  1.526e+06  7.787e-02  9.804e-02  1.097e-01  5.497e-02  9.942e-02  1.485e-01 
 2.122e-01  3.777e+01  2.857e+11  1.525e+06  7.657e-02  9.655e-02  1.081e-01  5.485e-02  9.906e-02  1.478e-01 
 2.128e-01  3.774e+01  2.854e+11  1.525e+06  7.899e-02  9.965e-02  1.116e-01  5.523e-02  9.980e-02  1.490e-01 
 2.134e-01  3.772e+01  2.852e+11  1.524e+06  7.723e-02  9.752e-02  1.093e-01  4.606e-02  9.301e-02  1.592e-01 
 2.140e-01  3.769e+01  2.850e+11  1.523e+06  7.786e-02  9.841e-02  1.104e-01  5.478e-02  9.887e-02  1.474e-01 
 2.146e-01  3.767e+01  2.847e+11  1.523e+06  7.741e-02  9.790e-02  1.098e-01  4.626e-02  9.236e-02  1.556e-01 
 2.152e-01  3.764e+01  2.843e+11  1.522e+06  7.921e-02  1.000e-01  1.121e-01  5.490e-02  9.915e-02  1.479e-01 
 2.157e-01  3.762e+01  2.841e+11  1.522e+06  7.745e-02  9.790e-02  1.098e-01  4.689e-02  9.179e-02  1.507e-01 
 2.163e-01  3.759e+01  2.838e+11  1.521e+06  7.914e-02  9.989e-02  1.119e-01  5.508e-02  9.951e-02  1.485e-01 
 2.169e-01  3.757e+01  2.837e+11  1.520e+06  7.851e-02  9.945e-02  1.117e-01  4.581e-02  9.231e-02  1.575e-01 
 2.175e-01  3.755e+01  2.834e+11  1.520e+06  7.914e-02  9.974e-02  1.116e-01  5.489e-02  9.928e-02  1.483e-01 
 2.180e-01  3.752e+01  2.830e+11  1.519e+06  7.742e-02  9.784e-02  1.097e-01  5.457e-02  9.847e-02  1.467e-01 
 2.186e-01  3.750e+01  2.827e+11  1.519e+06  7.973e-02  1.006e-01  1.127e-01  5.483e-02  9.910e-02  1.479e-01 
 2.192e-01  3.748e+01  2.825e+11  1.518e+06  7.889e-02  9.992e-02  1.122e-01  4.592e-02  9.258e-02  1.581e-01 
 2.197e-01  3.745e+01  2.822e+11  1.518e+06  7.940e-02  1.000e-01  1.120e-01  5.497e-02  9.943e-02  1.485e-01 
 2.203e-01  3.743e+01  2.820e+11  1.517e+06  7.861e-02  9.950e-02  1.117e-01  4.632e-02  9.247e-02  1.558e-01 
 2.209e-01  3.741e+01  2.819e+11  1.517e+06  7.771e-02  9.789e-02  1.095e-01  5.277e-02  9.579e-02  1.436e-01 
 2.214e-01  3.739e+01  2.814e+11  1.516e+06  7.706e-02  9.762e-02  1.096e-01  5.368e-02  9.762e-02  1.467e-01 
 2.220e-01  3.736e+01  2.810e+11  1.516e+06  7.972e-02  1.006e-01  1.128e-01  5.412e-02  9.900e-02  1.497e-01 
 2.225e-01  3.734e+01  2.808e+11  1.515e+06  7.679e-02  9.704e-02  1.088e-01  5.463e-02  9.858e-02  1.469e-01 
 2.231e-01  3.732e+01  2.806e+11  1.515e+06  7.655e-02  9.678e-02  1.085e-01  4.624e-02  9.174e-02  1.532e-01 
 2.236e-01  3.730e+01  2.802e+11  1.514e+06  7.878e-02  9.947e-02  1.114e-01  4.715e-02  9.247e-02  1.521e-01 
 2.241e-01  3.728e+01  2.800e+11  1.514e+06  7.692e-02  9.738e-02  1.093e-01  4.645e-02  9.130e-02  1.506e-01 
 2.247e-01  3.726e+01  2.794e+11  1.513e+06  7.900e-02  9.969e-02  1.117e-01  5.493e-02  9.922e-02  1.480e-01 
 2.252e-01  3.724e+01  2.793e+11  1.513e+06  7.968e-02  9.978e-02  1.112e-01  4.648e-02  9.134e-02  1.506e-01 
 2.257e-01  3.722e+01  2.790e+11  1.512e+06  7.799e-02  9.850e-02  1.104e-01  5.490e-02  9.912e-02  1.477e-01 
 2.263e-01  3.720e+01  2.788e+11  1.512e+06  7.727e-02  9.764e-02  1.094e-01  4.671e-02  9.199e-02  1.521e-01 
 2.268e-01  3.718e+01  2.785e+11  1.512e+06  7.896e-02  9.977e-02  1.118e-01  4.660e-02  9.327e-02  1.576e-01 
 2.273e-01  3.716e+01  2.782e+11  1.511e+06  8.035e-02  1.006e-01  1.122e-01  4.656e-02  9.155e-02  1.511e-01 
 2.279e-01  3.714e+01  2.779e+11  1.511e+06  7.740e-02  9.745e-02  1.090e-01  5.315e-02  9.618e-02  1.437e-01 
 2.286e-01  3.711e+01  2.772e+11  1.510e+06  7.994e-02  1.001e-01  1.115e-01  4.588e-02  9.255e-02  1.581e-01 
 2.293e-01  3.708e+01  2.769e+11  1.510e+06  8.147e-02  1.020e-01  1.136e-01  5.406e-02  9.838e-02  1.479e-01 
 2.301e-01  3.705e+01  2.761e+11  1.509e+06  7.938e-02  9.943e-02  1.109e-01  4.592e-02  9.263e-02  1.582e-01 
 2.311e-01  3.702e+01  2.755e+11  1.509e+06  8.294e-02  1.038e-01  1.156e-01  5.425e-02  9.874e-02  1.484e-01 
 2.321e-01  3.698e+01  2.748e+11  1.508e+06  8.146e-02  1.020e-01  1.137e-01  4.602e-02  9.288e-02  1.587e-01 
 2.333e-01  3.694e+01  2.740e+11  1.507e+06  8.166e-02  1.019e-01  1.134e-01  5.540e-02  1.001e-01  1.492e-01 
 2.346e-01  3.689e+01  2.732e+11  1.507e+06  8.170e-02  1.024e-01  1.143e-01  5.434e-02  9.800e-02  1.458e-01 
 2.360e-01  3.684e+01  2.726e+11  1.506e+06  8.161e-02  1.020e-01  1.136e-01  5.449e-02  9.926e-02  1.493e-01 
 2.373e-01  3.680e+01  2.717e+11  1.505e+06  8.031e-02  1.008e-01  1.125e-01  5.364e-02  9.745e-02  1.461e-01 
 2.386e-01  3.675e+01  2.704e+11  1.504e+06  8.226e-02  1.032e-01  1.151e-01  5.369e-02  9.824e-02  1.485e-01 
 2.399e-01  3.671e+01  2.694e+11  1.504e+06  8.158e-02  1.024e-01  1.142e-01  5.393e-02  9.803e-02  1.471e-01 
 2.412e-01  3.667e+01  2.684e+11  1.503e+06  7.750e-02  9.715e-02  1.083e-01  4.706e-02  9.135e-02  1.482e-01 
 2.425e-01  3.662e+01  2.673e+11  1.502e+06  7.999e-02  1.003e-01  1.120e-01  5.420e-02  9.848e-02  1.477e-01 
 2.437e-01  3.658e+01  2.661e+11  1.502e+06  8.140e-02  1.013e-01  1.124e-01  5.397e-02  9.788e-02  1.465e-01 
 2.448e-01  3.655e+01  2.651e+11  1.501e+06  8.054e-02  1.009e-01  1.126e-01  5.448e-02  9.906e-02  1.487e-01 
 2.459e-01  3.651e+01  2.640e+11  1.501e+06  7.928e-02  9.940e-02  1.109e-01  5.451e-02  9.903e-02  1.485e-01 
 2.470e-01  3.648e+01  2.629e+11  1.500e+06  8.236e-02  1.032e-01  1.150e-01  5.476e-02  9.961e-02  1.496e-01 
 2.481e-01  3.644e+01  2.619e+11  1.500e+06  8.151e-02  1.012e-01  1.122e-01  4.646e-02  9.303e-02  1.571e-01 
 2.491e-01  3.641e+01  2.610e+11  1.500e+06  8.377e-02  1.040e-01  1.153e-01  5.478e-02  9.959e-02  1.494e-01 
 2.501e-01  3.638e+01  2.600e+11  1.499e+06  8.120e-02  1.009e-01  1.119e-01  5.454e-02  9.903e-02  1.483e-01 
 2.511e-01  3.635e+01  2.587e+11  1.499e+06  8.353e-02  1.038e-01  1.151e-01  5.474e-02  9.947e-02  1.491e-01 
 2.520e-01  3.632e+01  2.577e+11  1.499e+06  8.345e-02  1.037e-01  1.150e-01  5.478e-02  9.947e-02  1.490e-01 
 2.529e-01  3.630e+01  2.568e+11  1.499e+06  8.509e-02  1.056e-01  1.170e-01  5.507e-02  1.002e-01  1.503e-01 
 2.537e-01  3.627e+01  2.557e+11  1.499e+06  8.312e-02  1.032e-01  1.144e-01  4.659e-02  9.333e-02  1.576e-01 
 2.545e-01  3.625e+01  2.547e+11  1.499e+06  8.421e-02  1.046e-01  1.159e-01  5.518e-02  1.003e-01  1.504e-01 
 2.553e-01  3.622e+01  2.538e+11  1.499e+06  8.322e-02  1.037e-01  1.152e-01  5.423e-02  9.853e-02  1.477e-01 
 2.561e-01  3.620e+01  2.528e+11  1.499e+06  8.579e-02  1.066e-01  1.182e-01  5.456e-02  9.990e-02  1.510e-01 
 2.569e-01  3.618e+01  2.515e+11  1.499e+06  8.386e-02  1.042e-01  1.155e-01  5.515e-02  1.002e-01  1.500e-01 
 2.576e-01  3.616e+01  2.507e+11  1.499e+06  8.638e-02  1.073e-01  1.190e-01  5.477e-02  1.003e-01  1.517e-01 
 2.583e-01  3.614e+01  2.496e+11  1.499e+06  8.350e-02  1.037e-01  1.150e-01  5.539e-02  1.007e-01  1.508e-01 
 2.589e-01  3.612e+01  2.486e+11  1.499e+06  8.238e-02  1.026e-01  1.139e-01  4.628e-02  9.343e-02  1.594e-01 
 2.596e-01  3.610e+01  2.476e+11  1.499e+06  8.338e-02  1.037e-01  1.150e-01  5.422e-02  9.999e-02  1.523e-01 
 2.602e-01  3.608e+01  2.467e+11  1.500e+06  8.572e-02  1.060e-01  1.171e-01  5.389e-02  9.852e-02  1.486e-01 
 2.608e-01  3.607e+01  2.455e+11  1.500e+06  8.576e-02  1.068e-01  1.186e-01  5.426e-02  9.997e-02  1.521e-01 
 2.614e-01  3.605e+01  2.446e+11  1.500e+06  8.290e-02  1.033e-01  1.147e-01  5.443e-02  9.972e-02  1.508e-01 
 2.619e-01  3.603e+01  2.434e+11  1.500e+06  8.581e-02  1.069e-01  1.187e-01  5.529e-02  1.006e-01  1.509e-01 
 2.624e-01  3.602e+01  2.426e+11  1.500e+06  8.601e-02  1.062e-01  1.173e-01  4.690e-02  9.366e-02  1.574e-01 
 2.630e-01  3.601e+01  2.416e+11  1.501e+06  8.396e-02  1.043e-01  1.157e-01  5.342e-02  9.770e-02  1.474e-01 
 2.634e-01  3.599e+01  2.407e+11  1.501e+06  8.687e-02  1.073e-01  1.185e-01  4.707e-02  9.404e-02  1.581e-01 
 2.639e-01  3.598e+01  2.398e+11  1.501e+06  8.417e-02  1.046e-01  1.160e-01  5.276e-02  9.790e-02  1.502e-01 
 2.644e-01  3.597e+01  2.389e+11  1.501e+06  8.691e-02  1.074e-01  1.186e-01  5.469e-02  1.001e-01  1.512e-01 
 2.648e-01  3.596e+01  2.379e+11  1.502e+06  8.553e-02  1.062e-01  1.178e-01  5.380e-02  9.847e-02  1.487e-01 
 2.652e-01  3.594e+01  2.371e+11  1.502e+06  8.908e-02  1.100e-01  1.215e-01  5.497e-02  1.007e-01  1.522e-01 
 2.656e-01  3.593e+01  2.362e+11  1.502e+06  9.030e-02  1.115e-01  1.231e-01  5.495e-02  1.012e-01  1.540e-01 
 2.660e-01  3.592e+01  2.350e+11  1.503e+06  8.805e-02  1.086e-01  1.199e-01  5.386e-02  1.008e-01  1.561e-01 
 2.664e-01  3.591e+01  2.341e+11  1.503e+06  8.823e-02  1.096e-01  1.216e-01  4.843e-02  9.742e-02  1.653e-01 
 2.667e-01  3.590e+01  2.332e+11  1.503e+06  8.881e-02  1.096e-01  1.210e-01  4.844e-02  9.603e-02  1.598e-01 
 2.671e-01  3.589e+01  2.323e+11  1.504e+06  9.114e-02  1.124e-01  1.240e-01  4.834e-02  9.704e-02  1.642e-01 
 2.674e-01  3.588e+01  2.315e+11  1.504e+06  8.798e-02  1.085e-01  1.197e-01  4.876e-02  9.685e-02  1.615e-01 
 2.677e-01  3.588e+01  2.307e+11  1.505e+06  8.968e-02  1.106e-01  1.220e-01  4.921e-02  9.787e-02  1.635e-01 
 2.680e-01  3.587e+01  2.299e+11  1.505e+06  9.031e-02  1.115e-01  1.232e-01  4.854e-02  9.612e-02  1.597e-01 
 2.683e-01  3.586e+01  2.292e+11  1.505e+06  8.770e-02  1.085e-01  1.200e-01  4.860e-02  9.488e-02  1.547e-01 
 2.686e-01  3.585e+01  2.284e+11  1.506e+06  9.049e-02  1.118e-01  1.236e-01  4.865e-02  9.636e-02  1.601e-01 
 2.688e-01  3.585e+01  2.274e+11  1.506e+06  8.771e-02  1.085e-01  1.200e-01  4.875e-02  9.517e-02  1.552e-01 
 2.691e-01  3.584e+01  2.267e+11  1.506e+06  8.845e-02  1.091e-01  1.205e-01  4.905e-02  9.738e-02  1.623e-01 
 2.693e-01  3.583e+01  2.260e+11  1.507e+06  8.831e-02  1.092e-01  1.207e-01  4.893e-02  9.561e-02  1.560e-01 
 2.696e-01  3.583e+01  2.253e+11  1.507e+06  9.187e-02  1.135e-01  1.254e-01  4.898e-02  9.710e-02  1.615e-01 
 2.698e-01  3.582e+01  2.247e+11  1.508e+06  8.939e-02  1.107e-01  1.224e-01  4.882e-02  9.614e-02  1.585e-01 
 2.700e-01  3.582e+01  2.240e+11  1.508e+06  9.186e-02  1.136e-01  1.255e-01  4.896e-02  9.700e-02  1.612e-01 
 2.702e-01  3.581e+01  2.234e+11  1.508e+06  8.844e-02  1.094e-01  1.210e-01  4.898e-02  9.651e-02  1.592e-01 
 2.704e-01  3.581e+01  2.227e+11  1.509e+06  9.028e-02  1.114e-01  1.230e-01  4.805e-02  9.437e-02  1.550e-01 
 2.706e-01  3.580e+01  2.221e+11  1.509e+06  8.920e-02  1.104e-01  1.220e-01  4.772e-02  9.297e-02  1.512e-01 
 2.709e-01  3.579e+01  2.213e+11  1.510e+06  9.032e-02  1.116e-01  1.233e-01  4.804e-02  9.442e-02  1.553e-01 
 2.712e-01  3.579e+01  2.201e+11  1.510e+06  9.052e-02  1.121e-01  1.240e-01  4.790e-02  9.338e-02  1.519e-01 
 2.715e-01  3.578e+01  2.190e+11  1.511e+06  9.063e-02  1.118e-01  1.235e-01  4.840e-02  9.531e-02  1.571e-01 
 2.718e-01  3.577e+01  2.179e+11  1.512e+06  8.973e-02  1.111e-01  1.228e-01  4.817e-02  9.406e-02  1.533e-01 
 2.722e-01  3.576e+01  2.166e+11  1.513e+06  9.153e-02  1.132e-01  1.251e-01  4.832e-02  9.504e-02  1.564e-01 
 2.725e-01  3.575e+01  2.154e+11  1.514e+06  8.976e-02  1.111e-01  1.229e-01  4.779e-02  9.474e-02  1.575e-01 
 2.728e-01  3.574e+01  2.141e+11  1.515e+06  9.357e-02  1.155e-01  1.275e-01  4.862e-02  9.588e-02  1.583e-01 
 2.730e-01  3.574e+01  2.126e+11  1.516e+06  9.124e-02  1.130e-01  1.251e-01  4.790e-02  9.500e-02  1.580e-01 
 2.733e-01  3.573e+01  2.114e+11  1.517e+06  9.004e-02  1.117e-01  1.237e-01  4.778e-02  9.455e-02  1.568e-01 
 2.735e-01  3.573e+01  2.101e+11  1.518e+06  9.120e-02  1.129e-01  1.249e-01  4.812e-02  9.566e-02  1.595e-01 
 2.737e-01  3.572e+01  2.090e+11  1.519e+06  8.918e-02  1.104e-01  1.221e-01  4.813e-02  9.553e-02  1.590e-01 
 2.739e-01  3.572e+01  2.077e+11  1.521e+06  9.112e-02  1.128e-01  1.248e-01  4.828e-02  9.605e-02  1.604e-01 
 2.740e-01  3.571e+01  2.064e+11  1.522e+06  9.170e-02  1.139e-01  1.262e-01  4.881e-02  9.465e-02  1.529e-01 
 2.742e-01  3.571e+01  2.053e+11  1.523e+06  9.159e-02  1.135e-01  1.255e-01  4.848e-02  9.654e-02  1.614e-01 
 2.743e-01  3.570e+01  2.042e+11  1.524e+06  9.111e-02  1.129e-01  1.250e-01  4.784e-02  9.623e-02  1.630e-01 
 2.744e-01  3.570e+01  2.030e+11  1.525e+06  9.365e-02  1.160e-01  1.283e-01  4.801e-02  9.683e-02  1.647e-01 
 2.745e-01  3.570e+01  2.020e+11  1.526e+06  9.377e-02  1.165e-01  1.292e-01  4.766e-02  9.572e-02  1.618e-01 
 2.746e-01  3.570e+01  2.007e+11  1.528e+06  9.544e-02  1.185e-01  1.313e-01  5.650e-02  1.024e-01  1.528e-01 
 2.746e-01  3.570e+01  1.997e+11  1.529e+06  9.396e-02  1.168e-01  1.294e-01  5.619e-02  1.015e-01  1.507e-01 
 2.747e-01  3.569e+01  1.987e+11  1.530e+06  9.373e-02  1.162e-01  1.285e-01  5.647e-02  1.033e-01  1.557e-01 
 2.748e-01  3.569e+01  1.978e+11  1.531e+06  9.314e-02  1.158e-01  1.284e-01  5.635e-02  1.018e-01  1.513e-01 
 2.748e-01  3.569e+01  1.965e+11  1.532e+06  9.585e-02  1.188e-01  1.314e-01  5.667e-02  1.038e-01  1.566e-01 
 2.749e-01  3.569e+01  1.948e+11  1.534e+06  9.240e-02  1.148e-01  1.271e-01  5.687e-02  1.030e-01  1.535e-01 
 2.750e-01  3.569e+01  1.931e+11  1.535e+06  9.536e-02  1.183e-01  1.309e-01  5.691e-02  1.043e-01  1.576e-01 
 2.751e-01  3.568e+01  1.913e+11  1.537e+06  9.349e-02  1.162e-01  1.288e-01  4.856e-02  9.817e-02  1.673e-01 
 2.751e-01  3.568e+01  1.892e+11  1.540e+06  9.723e-02  1.204e-01  1.332e-01  5.691e-02  1.059e-01  1.628e-01 
 2.752e-01  3.568e+01  1.874e+11  1.542e+06  9.477e-02  1.179e-01  1.307e-01  5.750e-02  1.044e-01  1.561e-01 
 2.752e-01  3.568e+01  1.856e+11  1.544e+06  9.728e-02  1.208e-01  1.338e-01  5.698e-02  1.061e-01  1.630e-01 
 2.752e-01  3.568e+01  1.838e+11  1.546e+06  9.552e-02  1.189e-01  1.318e-01  5.782e-02  1.052e-01  1.574e-01 
 2.753e-01  3.568e+01  1.824e+11  1.548e+06  9.369e-02  1.165e-01  1.291e-01  5.669e-02  1.047e-01  1.593e-01 
 2.753e-01  3.568e+01  1.809e+11  1.550e+06  9.711e-02  1.207e-01  1.338e-01  5.583e-02  1.052e-01  1.639e-01 
 2.753e-01  3.568e+01  1.798e+11  1.552e+06  9.428e-02  1.173e-01  1.300e-01  5.687e-02  1.051e-01  1.601e-01 
 2.753e-01  3.568e+01  1.784e+11  1.553e+06  9.750e-02  1.213e-01  1.344e-01  5.512e-02  1.053e-01  1.667e-01 
 2.753e-01  3.568e+01  1.776e+11  1.554e+06  9.525e-02  1.187e-01  1.317e-01  5.375e-02  1.044e-01  1.686e-01 
 2.753e-01  3.568e+01  1.766e+11  1.556e+06  9.846e-02  1.225e-01  1.359e-01  5.040e-02  1.000e-01  1.662e-01 
 2.753e-01  3.568e+01  1.761e+11  1.556e+06  9.523e-02  1.185e-01  1.314e-01  5.819e-02  1.060e-01  1.590e-01 
 2.754e-01  3.568e+01  1.750e+11  1.558e+06  9.864e-02  1.228e-01  1.361e-01  5.531e-02  1.057e-01  1.675e-01 
 2.754e-01  3.568e+01  1.748e+11  1.558e+06  9.554e-02  1.189e-01  1.319e-01  5.419e-02  1.055e-01  1.708e-01 
 2.754e-01  3.568e+01  1.738e+11  1.559e+06  9.898e-02  1.232e-01  1.366e-01  4.938e-02  1.004e-01  1.725e-01 
 2.754e-01  3.568e+01  1.736e+11  1.559e+06  9.668e-02  1.204e-01  1.336e-01  5.650e-02  1.062e-01  1.648e-01 
 2.754e-01  3.568e+01  1.727e+11  1.561e+06  9.931e-02  1.237e-01  1.371e-01  5.382e-02  1.065e-01  1.763e-01 
 2.754e-01  3.568e+01  1.726e+11  1.560e+06  9.682e-02  1.206e-01  1.338e-01  5.503e-02  1.052e-01  1.667e-01 
 2.754e-01  3.568e+01  1.717e+11  1.562e+06  9.958e-02  1.240e-01  1.375e-01  4.911e-02  9.986e-02  1.714e-01 
 2.754e-01  3.568e+01  1.717e+11  1.561e+06  9.704e-02  1.209e-01  1.341e-01  5.382e-02  1.059e-01  1.741e-01 
 2.754e-01  3.568e+01  1.710e+11  1.563e+06  9.996e-02  1.245e-01  1.381e-01  5.452e-02  1.062e-01  1.723e-01 
 2.754e-01  3.568e+01  1.711e+11  1.562e+06  9.720e-02  1.211e-01  1.343e-01  4.926e-02  9.753e-02  1.615e-01 
 2.754e-01  3.568e+01  1.703e+11  1.563e+06  1.019e-01  1.267e-01  1.404e-01  5.616e-02  1.058e-01  1.648e-01 
 2.754e-01  3.568e+01  1.705e+11  1.562e+06  9.908e-02  1.235e-01  1.371e-01  5.564e-02  1.037e-01  1.593e-01 
 2.754e-01  3.568e+01  1.704e+11  1.564e+06  9.676e-02  1.207e-01  1.341e-01  4.785e-02  9.755e-02  1.681e-01 
 2.754e-01  3.568e+01  1.694e+11  1.565e+06  9.877e-02  1.232e-01  1.367e-01  5.364e-02  1.059e-01  1.746e-01 
 2.754e-01  3.568e+01  1.698e+11  1.563e+06  9.695e-02  1.210e-01  1.343e-01  4.764e-02  9.598e-02  1.626e-01 
 2.754e-01  3.568e+01  1.689e+11  1.565e+06  9.892e-02  1.234e-01  1.369e-01  4.663e-02  9.694e-02  1.718e-01 
 2.754e-01  3.568e+01  1.693e+11  1.563e+06  9.710e-02  1.212e-01  1.346e-01  5.502e-02  1.049e-01  1.655e-01 
 2.754e-01  3.568e+01  1.683e+11  1.565e+06  1.006e-01  1.253e-01  1.390e-01  5.435e-02  1.044e-01  1.664e-01 
 2.754e-01  3.568e+01  1.690e+11  1.563e+06  9.732e-02  1.215e-01  1.349e-01  4.737e-02  9.623e-02  1.650e-01 
 2.754e-01  3.568e+01  1.679e+11  1.565e+06  1.006e-01  1.253e-01  1.390e-01  4.690e-02  9.770e-02  1.737e-01 
 2.754e-01  3.568e+01  1.686e+11  1.562e+06  9.746e-02  1.216e-01  1.351e-01  5.482e-02  1.045e-01  1.648e-01 
 2.754e-01  3.568e+01  1.677e+11  1.565e+06  1.008e-01  1.256e-01  1.393e-01  5.425e-02  1.050e-01  1.690e-01 
 2.754e-01  3.568e+01  1.684e+11  1.563e+06  9.774e-02  1.220e-01  1.355e-01  5.440e-02  1.052e-01  1.691e-01 
 2.754e-01  3.568e+01  1.638e+11  1.565e+06  1.018e-01  1.269e-01  1.408e-01  4.723e-02  9.864e-02  1.759e-01 
 2.754e-01  3.568e+01  1.648e+11  1.566e+06  9.852e-02  1.231e-01  1.367e-01  4.689e-02  9.736e-02  1.721e-01 
 2.754e-01  3.568e+01  1.639e+11  1.569e+06  1.016e-01  1.267e-01  1.406e-01  4.594e-02  1.031e-01  2.068e-01 
 2.754e-01  3.568e+01  1.645e+11  1.567e+06  9.889e-02  1.233e-01  1.369e-01  4.590e-02  1.022e-01  2.020e-01 
 2.754e-01  3.568e+01  1.636e+11  1.570e+06  1.017e-01  1.268e-01  1.407e-01  5.350e-02  1.085e-01  1.857e-01 
 2.754e-01  3.568e+01  1.643e+11  1.568e+06  9.879e-02  1.232e-01  1.367e-01  5.346e-02  1.074e-01  1.812e-01 
 2.754e-01  3.567e+01  1.637e+11  1.570e+06  1.016e-01  1.266e-01  1.405e-01  6.301e-02  1.139e-01  1.693e-01 
 2.754e-01  3.567e+01  1.640e+11  1.569e+06  9.882e-02  1.232e-01  1.368e-01  6.258e-02  1.131e-01  1.681e-01 
 2.754e-01  3.567e+01  1.633e+11  1.571e+06  1.017e-01  1.268e-01  1.407e-01  6.302e-02  1.140e-01  1.694e-01 
 2.754e-01  3.567e+01  1.636e+11  1.570e+06  9.915e-02  1.237e-01  1.373e-01  6.260e-02  1.132e-01  1.682e-01 
 2.754e-01  3.567e+01  1.635e+11  1.572e+06  1.017e-01  1.261e-01  1.394e-01  5.340e-02  1.038e-01  1.679e-01 
 2.754e-01  3.567e+01  1.626e+11  1.573e+06  1.002e-01  1.251e-01  1.389e-01  6.264e-02  1.132e-01  1.682e-01 
 2.755e-01  3.567e+01  1.627e+11  1.572e+06  1.019e-01  1.264e-01  1.398e-01  6.112e-02  1.076e-01  1.553e-01 
 2.755e-01  3.567e+01  1.621e+11  1.574e+06  1.003e-01  1.253e-01  1.391e-01  6.265e-02  1.133e-01  1.683e-01 
 2.755e-01  3.567e+01  1.620e+11  1.573e+06  9.796e-02  1.222e-01  1.357e-01  6.184e-02  1.092e-01  1.582e-01 
 2.755e-01  3.567e+01  1.612e+11  1.575e+06  1.007e-01  1.258e-01  1.397e-01  6.272e-02  1.134e-01  1.686e-01 
 2.755e-01  3.567e+01  1.611e+11  1.575e+06  9.830e-02  1.227e-01  1.362e-01  6.198e-02  1.101e-01  1.607e-01 
 2.755e-01  3.567e+01  1.603e+11  1.577e+06  1.007e-01  1.258e-01  1.397e-01  6.272e-02  1.135e-01  1.688e-01 
 2.755e-01  3.567e+01  1.599e+11  1.577e+06  9.838e-02  1.228e-01  1.363e-01  6.203e-02  1.103e-01  1.609e-01 
 2.755e-01  3.567e+01  1.590e+11  1.579e+06  1.019e-01  1.271e-01  1.412e-01  6.293e-02  1.140e-01  1.698e-01 
 2.755e-01  3.567e+01  1.586e+11  1.579e+06  9.882e-02  1.234e-01  1.371e-01  6.210e-02  1.105e-01  1.613e-01 
 2.755e-01  3.567e+01  1.574e+11  1.581e+06  1.022e-01  1.277e-01  1.418e-01  6.382e-02  1.161e-01  1.737e-01 
 2.755e-01  3.567e+01  1.567e+11  1.582e+06  9.933e-02  1.241e-01  1.379e-01  6.268e-02  1.130e-01  1.674e-01 
 2.755e-01  3.567e+01  1.556e+11  1.584e+06  1.026e-01  1.282e-01  1.424e-01  6.376e-02  1.161e-01  1.738e-01 
 2.756e-01  3.567e+01  1.547e+11  1.586e+06  9.975e-02  1.247e-01  1.386e-01  6.275e-02  1.133e-01  1.679e-01 
 2.756e-01  3.567e+01  1.535e+11  1.588e+06  1.030e-01  1.288e-01  1.432e-01  6.522e-02  1.096e-01  1.512e-01 
 2.756e-01  3.567e+01  1.521e+11  1.590e+06  1.005e-01  1.257e-01  1.397e-01  6.395e-02  1.070e-01  1.472e-01 
 2.756e-01  3.567e+01  1.507e+11  1.593e+06  1.035e-01  1.291e-01  1.433e-01  6.601e-02  1.113e-01  1.540e-01 
 2.757e-01  3.567e+01  1.493e+11  1.595e+06  1.008e-01  1.263e-01  1.404e-01  6.527e-02  1.098e-01  1.518e-01 
 2.757e-01  3.567e+01  1.478e+11  1.599e+06  9.970e-02  1.250e-01  1.392e-01  6.302e-02  1.042e-01  1.416e-01 
 2.757e-01  3.567e+01  1.460e+11  1.602e+06  1.032e-01  1.293e-01  1.438e-01  6.541e-02  1.103e-01  1.526e-01 
 2.758e-01  3.567e+01  1.443e+11  1.606e+06  1.012e-01  1.272e-01  1.417e-01  6.311e-02  1.045e-01  1.423e-01 
 2.758e-01  3.566e+01  1.423e+11  1.610e+06  1.037e-01  1.301e-01  1.448e-01  6.539e-02  1.104e-01  1.530e-01 
 2.759e-01  3.566e+01  1.404e+11  1.615e+06  1.052e-01  1.315e-01  1.460e-01  6.217e-02  1.029e-01  1.400e-01 
 2.759e-01  3.566e+01  1.384e+11  1.620e+06  1.043e-01  1.310e-01  1.460e-01  6.520e-02  1.105e-01  1.536e-01 
 2.759e-01  3.566e+01  1.367e+11  1.625e+06  1.013e-01  1.277e-01  1.424e-01  6.400e-02  1.068e-01  1.463e-01 
 2.760e-01  3.566e+01  1.349e+11  1.630e+06  1.029e-01  1.297e-01  1.446e-01  6.665e-02  1.066e-01  1.406e-01 
 2.761e-01  3.566e+01  1.333e+11  1.635e+06  1.007e-01  1.272e-01  1.421e-01  6.378e-02  1.066e-01  1.462e-01 
 2.761e-01  3.566e+01  1.316e+11  1.641e+06  1.033e-01  1.303e-01  1.455e-01  6.473e-02  1.030e-01  1.354e-01 
 2.762e-01  3.565e+01  1.301e+11  1.646e+06  1.006e-01  1.273e-01  1.423e-01  6.422e-02  1.019e-01  1.335e-01 
 2.762e-01  3.565e+01  1.286e+11  1.651e+06  1.034e-01  1.307e-01  1.460e-01  6.441e-02  1.027e-01  1.352e-01 
 2.763e-01  3.565e+01  1.272e+11  1.656e+06  1.015e-01  1.286e-01  1.437e-01  6.399e-02  1.017e-01  1.335e-01 
 2.763e-01  3.565e+01  1.259e+11  1.662e+06  1.036e-01  1.314e-01  1.471e-01  6.417e-02  1.026e-01  1.352e-01 
 2.764e-01  3.565e+01  1.247e+11  1.667e+06  1.016e-01  1.289e-01  1.442e-01  6.403e-02  1.021e-01  1.344e-01 
 2.765e-01  3.565e+01  1.235e+11  1.673e+06  1.044e-01  1.325e-01  1.483e-01  6.395e-02  1.025e-01  1.354e-01 
 2.765e-01  3.564e+01  1.224e+11  1.678e+06  1.013e-01  1.288e-01  1.444e-01  6.504e-02  9.962e-02  1.268e-01 
 2.766e-01  3.564e+01  1.211e+11  1.684e+06  1.044e-01  1.328e-01  1.487e-01  6.568e-02  1.011e-01  1.292e-01 
 2.766e-01  3.564e+01  1.202e+11  1.689e+06  1.002e-01  1.277e-01  1.434e-01  6.428e-02  9.862e-02  1.257e-01 
 2.767e-01  3.564e+01  1.191e+11  1.695e+06  1.041e-01  1.326e-01  1.486e-01  6.502e-02  1.003e-01  1.283e-01 
 2.767e-01  3.564e+01  1.182e+11  1.700e+06  9.984e-02  1.276e-01  1.433e-01  6.343e-02  9.780e-02  1.251e-01 
 2.768e-01  3.564e+01  1.173e+11  1.706e+06  1.001e-01  1.270e-01  1.421e-01  6.154e-02  9.438e-02  1.202e-01 
 2.768e-01  3.564e+01  1.162e+11  1.711e+06  9.961e-02  1.276e-01  1.435e-01  6.283e-02  9.707e-02  1.243e-01 
 2.769e-01  3.563e+01  1.154e+11  1.716e+06  1.000e-01  1.272e-01  1.425e-01  6.127e-02  9.415e-02  1.201e-01 
 2.769e-01  3.563e+01  1.143e+11  1.721e+06  9.944e-02  1.276e-01  1.436e-01  6.554e-02  9.812e-02  1.226e-01 
 2.770e-01  3.563e+01  1.134e+11  1.725e+06  9.474e-02  1.218e-01  1.372e-01  6.423e-02  9.594e-02  1.197e-01 
 2.770e-01  3.563e+01  1.129e+11  1.730e+06  9.947e-02  1.276e-01  1.436e-01  6.558e-02  9.830e-02  1.229e-01 
 2.770e-01  3.563e+01  1.129e+11  1.730e+06  9.499e-02  1.221e-01  1.376e-01  6.412e-02  9.582e-02  1.196e-01 
 2.770e-01  3.563e+01  1.124e+11  1.732e+06  9.700e-02  1.243e-01  1.397e-01  6.671e-02  1.001e-01  1.253e-01 
 2.770e-01  3.563e+01  1.125e+11  1.732e+06  9.587e-02  1.232e-01  1.387e-01  6.442e-02  9.634e-02  1.203e-01 
 2.770e-01  3.563e+01  1.120e+11  1.734e+06  9.715e-02  1.245e-01  1.401e-01  6.659e-02  9.994e-02  1.251e-01 
 2.770e-01  3.563e+01  1.120e+11  1.734e+06  9.586e-02  1.232e-01  1.388e-01  6.433e-02  9.624e-02  1.202e-01 
 2.770e-01  3.563e+01  1.115e+11  1.735e+06  9.800e-02  1.256e-01  1.413e-01  6.654e-02  9.991e-02  1.251e-01 
 2.770e-01  3.563e+01  1.116e+11  1.735e+06  9.554e-02  1.228e-01  1.384e-01  6.424e-02  9.612e-02  1.200e-01 
 2.770e-01  3.563e+01  1.110e+11  1.737e+06  9.810e-02  1.258e-01  1.415e-01  6.652e-02  9.992e-02  1.252e-01 
 2.770e-01  3.563e+01  1.111e+11  1.737e+06  9.603e-02  1.235e-01  1.392e-01  6.420e-02  9.611e-02  1.201e-01 
 2.770e-01  3.563e+01  1.106e+11  1.739e+06  9.785e-02  1.255e-01  1.412e-01  6.640e-02  9.978e-02  1.250e-01 
 2.770e-01  3.563e+01  1.107e+11  1.739e+06  9.602e-02  1.236e-01  1.393e-01  6.413e-02  9.602e-02  1.200e-01 
 2.770e-01  3.563e+01  1.101e+11  1.741e+06  9.811e-02  1.259e-01  1.417e-01  6.636e-02  9.975e-02  1.250e-01 
 2.770e-01  3.563e+01  1.102e+11  1.740e+06  9.815e-02  1.263e-01  1.424e-01  6.383e-02  9.560e-02  1.195e-01 
 2.770e-01  3.563e+01  1.101e+11  1.742e+06  9.859e-02  1.259e-01  1.413e-01  6.313e-02  9.451e-02  1.181e-01 
 2.770e-01  3.563e+01  1.094e+11  1.744e+06  9.857e-02  1.269e-01  1.431e-01  6.396e-02  9.583e-02  1.198e-01 
 2.771e-01  3.563e+01  1.096e+11  1.743e+06  9.873e-02  1.262e-01  1.416e-01  6.310e-02  9.451e-02  1.181e-01 
 2.771e-01  3.563e+01  1.089e+11  1.745e+06  9.865e-02  1.271e-01  1.433e-01  6.348e-02  9.540e-02  1.195e-01 
 2.771e-01  3.563e+01  1.091e+11  1.744e+06  9.450e-02  1.218e-01  1.375e-01  6.355e-02  9.522e-02  1.190e-01 
 2.771e-01  3.563e+01  1.085e+11  1.746e+06  9.862e-02  1.271e-01  1.433e-01  6.340e-02  9.531e-02  1.194e-01 
 2.771e-01  3.563e+01  1.087e+11  1.746e+06  9.436e-02  1.217e-01  1.373e-01  6.350e-02  9.518e-02  1.190e-01 
 2.771e-01  3.563e+01  1.080e+11  1.748e+06  9.854e-02  1.270e-01  1.432e-01  6.339e-02  9.532e-02  1.195e-01 
 2.771e-01  3.563e+01  1.082e+11  1.747e+06  9.445e-02  1.218e-01  1.375e-01  6.349e-02  9.519e-02  1.190e-01 
 2.771e-01  3.563e+01  1.075e+11  1.749e+06  9.770e-02  1.255e-01  1.413e-01  6.597e-02  9.940e-02  1.248e-01 
 2.771e-01  3.563e+01  1.077e+11  1.748e+06  9.464e-02  1.221e-01  1.379e-01  6.340e-02  9.510e-02  1.189e-01 
 2.771e-01  3.563e+01  1.070e+11  1.751e+06  9.801e-02  1.260e-01  1.419e-01  6.596e-02  9.942e-02  1.248e-01 
 2.771e-01  3.563e+01  1.073e+11  1.750e+06  9.540e-02  1.230e-01  1.387e-01  6.373e-02  9.564e-02  1.197e-01 
 2.771e-01  3.563e+01  1.065e+11  1.752e+06  9.802e-02  1.260e-01  1.419e-01  6.594e-02  9.943e-02  1.249e-01 
 2.771e-01  3.563e+01  1.068e+11  1.751e+06  9.574e-02  1.235e-01  1.394e-01  6.372e-02  9.567e-02  1.197e-01 
 2.771e-01  3.563e+01  1.060e+11  1.754e+06  9.809e-02  1.261e-01  1.421e-01  6.594e-02  9.945e-02  1.249e-01 
 2.771e-01  3.563e+01  1.063e+11  1.752e+06  9.564e-02  1.234e-01  1.392e-01  6.370e-02  9.566e-02  1.197e-01 
 2.771e-01  3.563e+01  1.055e+11  1.755e+06  9.786e-02  1.258e-01  1.418e-01  6.594e-02  9.948e-02  1.250e-01 
 2.771e-01  3.563e+01  1.058e+11  1.753e+06  9.590e-02  1.237e-01  1.397e-01  6.371e-02  9.571e-02  1.198e-01 
 2.771e-01  3.563e+01  1.050e+11  1.756e+06  9.795e-02  1.260e-01  1.419e-01  6.594e-02  9.951e-02  1.250e-01 
 2.771e-01  3.563e+01  1.053e+11  1.755e+06  9.595e-02  1.238e-01  1.398e-01  6.370e-02  9.572e-02  1.199e-01 
 2.771e-01  3.563e+01  1.053e+11  1.757e+06  9.444e-02  1.220e-01  1.378e-01  6.324e-02  9.500e-02  1.189e-01 
 2.771e-01  3.563e+01  1.043e+11  1.759e+06  9.886e-02  1.276e-01  1.441e-01  6.376e-02  9.583e-02  1.200e-01 
 2.771e-01  3.563e+01  1.047e+11  1.757e+06  9.854e-02  1.262e-01  1.418e-01  6.278e-02  9.431e-02  1.181e-01 
 2.771e-01  3.563e+01  1.039e+11  1.760e+06  9.890e-02  1.277e-01  1.442e-01  6.373e-02  9.581e-02  1.200e-01 
 2.771e-01  3.563e+01  1.043e+11  1.758e+06  9.902e-02  1.269e-01  1.426e-01  6.279e-02  9.435e-02  1.181e-01 
 2.771e-01  3.563e+01  1.034e+11  1.761e+06  9.897e-02  1.278e-01  1.444e-01  6.443e-02  9.721e-02  1.221e-01 
 2.771e-01  3.563e+01  1.038e+11  1.759e+06  9.550e-02  1.235e-01  1.396e-01  6.331e-02  9.518e-02  1.192e-01 
 2.771e-01  3.563e+01  1.028e+11  1.762e+06  9.811e-02  1.263e-01  1.424e-01  6.594e-02  9.961e-02  1.252e-01 
 2.771e-01  3.563e+01  1.033e+11  1.760e+06  9.560e-02  1.236e-01  1.397e-01  6.333e-02  9.524e-02  1.193e-01 
 2.771e-01  3.563e+01  1.024e+11  1.763e+06  9.829e-02  1.266e-01  1.428e-01  6.590e-02  9.957e-02  1.252e-01 
 2.771e-01  3.563e+01  1.028e+11  1.761e+06  9.569e-02  1.238e-01  1.399e-01  6.327e-02  9.517e-02  1.193e-01 
 2.771e-01  3.563e+01  1.017e+11  1.764e+06  9.838e-02  1.267e-01  1.429e-01  6.601e-02  9.977e-02  1.255e-01 
 2.771e-01  3.563e+01  1.023e+11  1.762e+06  9.578e-02  1.239e-01  1.401e-01  6.330e-02  9.524e-02  1.194e-01 
 2.771e-01  3.563e+01  1.013e+11  1.765e+06  9.854e-02  1.270e-01  1.432e-01  6.822e-02  1.003e-01  1.236e-01 
 2.771e-01  3.563e+01  1.018e+11  1.763e+06  9.620e-02  1.244e-01  1.405e-01  6.366e-02  9.583e-02  1.201e-01 
 2.771e-01  3.563e+01  1.009e+11  1.767e+06  9.903e-02  1.277e-01  1.440e-01  6.824e-02  1.004e-01  1.237e-01 
 2.771e-01  3.563e+01  1.013e+11  1.765e+06  9.615e-02  1.243e-01  1.405e-01  6.368e-02  9.587e-02  1.202e-01 
 2.771e-01  3.563e+01  1.003e+11  1.768e+06  9.894e-02  1.275e-01  1.438e-01  6.906e-02  1.017e-01  1.254e-01 
 2.771e-01  3.563e+01  1.008e+11  1.766e+06  9.613e-02  1.243e-01  1.405e-01  6.369e-02  9.591e-02  1.203e-01 
 2.771e-01  3.563e+01  1.008e+11  1.769e+06  9.909e-02  1.272e-01  1.431e-01  6.201e-02  9.334e-02  1.170e-01 
 2.771e-01  3.563e+01  9.953e+10  1.770e+06  9.680e-02  1.248e-01  1.408e-01  6.531e-02  9.844e-02  1.235e-01 
 2.771e-01  3.563e+01  1.002e+11  1.767e+06  9.502e-02  1.230e-01  1.392e-01  6.261e-02  9.428e-02  1.182e-01 
 2.771e-01  3.563e+01  9.911e+10  1.771e+06  9.696e-02  1.251e-01  1.411e-01  6.759e-02  9.920e-02  1.220e-01 
 2.771e-01  3.563e+01  9.965e+10  1.768e+06  9.950e-02  1.277e-01  1.437e-01  6.454e-02  9.468e-02  1.164e-01 
 2.771e-01  3.563e+01  9.860e+10  1.772e+06  9.723e-02  1.255e-01  1.416e-01  6.764e-02  9.930e-02  1.222e-01 
 2.771e-01  3.563e+01  9.919e+10  1.769e+06  9.523e-02  1.234e-01  1.396e-01  6.520e-02  9.567e-02  1.177e-01 
 2.771e-01  3.563e+01  9.776e+10  1.773e+06  9.939e-02  1.282e-01  1.447e-01  6.944e-02  1.023e-01  1.263e-01 
 2.771e-01  3.563e+01  9.853e+10  1.768e+06  9.538e-02  1.235e-01  1.397e-01  6.550e-02  9.611e-02  1.182e-01 
 2.771e-01  3.563e+01  9.636e+10  1.771e+06  1.008e-01  1.301e-01  1.468e-01  7.044e-02  1.038e-01  1.281e-01 